agency_cd	site_no	parameter_cd	ts_id	year_nu	mean_va
USGS	11390000	00060	10385	1931	173.2
USGS	11390000	00060	10385	1932	240.9
USGS	11390000	00060	10385	1933	200.1
USGS	11390000	00060	10385	1934	210.3
USGS	11390000	00060	10385	1935	389
USGS	11390000	00060	10385	1936	386
USGS	11390000	00060	10385	1937	434.1
USGS	11390000	00060	10385	1938	656.1
USGS	11390000	00060	10385	1939	174.5
USGS	11390000	00060	10385	1940	606.4
USGS	11390000	00060	10385	1941	709.1
USGS	11390000	00060	10385	1942	541.1
USGS	11390000	00060	10385	1943	411
USGS	11390000	00060	10385	1944	275.7
USGS	11390000	00060	10385	1945	421.5
USGS	11390000	00060	10385	1946	258.5
USGS	11390000	00060	10385	1947	232.9
USGS	11390000	00060	10385	1948	373.6
USGS	11390000	00060	10385	1949	224.3
USGS	11390000	00060	10385	1950	422.9
USGS	11390000	00060	10385	1951	435.9
USGS	11390000	00060	10385	1952	565
USGS	11390000	00060	10385	1953	446
USGS	11390000	00060	10385	1954	449.5
USGS	11390000	00060	10385	1955	401
USGS	11390000	00060	10385	1956	543.2
USGS	11390000	00060	10385	1957	355.7
USGS	11390000	00060	10385	1958	646.8
USGS	11390000	00060	10385	1959	277.6
USGS	11390000	00060	10385	1960	304.2
USGS	11390000	00060	10385	1961	263.8
USGS	11390000	00060	10385	1962	408
USGS	11390000	00060	10385	1963	467.4
USGS	11390000	00060	10385	1964	393.7
USGS	11390000	00060	10385	1965	474
USGS	11390000	00060	10385	1966	335.8
USGS	11390000	00060	10385	1967	540.2
USGS	11390000	00060	10385	1968	345.9
USGS	11390000	00060	10385	1969	672.9
USGS	11390000	00060	10385	1970	574.5
USGS	11390000	00060	10385	1971	391.3
USGS	11390000	00060	10385	1972	284.9
USGS	11390000	00060	10385	1973	624.2
USGS	11390000	00060	10385	1974	640.5
USGS	11390000	00060	10385	1975	448.6
USGS	11390000	00060	10385	1976	159.5
USGS	11390000	00060	10385	1977	115.6
USGS	11390000	00060	10385	1978	538.7
USGS	11390000	00060	10385	1979	321.5
USGS	11390000	00060	10385	1980	515.8
USGS	11390000	00060	10385	1981	415.8
USGS	11390000	00060	10385	1982	648.8
USGS	11390000	00060	10385	1983	911.3
USGS	11390000	00060	10385	1984	362.4
USGS	11390000	00060	10385	1985	217.7
USGS	11390000	00060	10385	1986	565.9
USGS	11390000	00060	10385	1987	252.7
USGS	11390000	00060	10385	1988	220.6
USGS	11390000	00060	10385	1989	293.9
USGS	11390000	00060	10385	1990	192.5
USGS	11390000	00060	10385	1991	209.8
USGS	11390000	00060	10385	1992	234.5
USGS	11390000	00060	10385	1993	502.9
USGS	11390000	00060	10385	1994	201.9
USGS	11390000	00060	10385	1995	849.3
USGS	11390000	00060	10385	1996	610.8
USGS	11390000	00060	10385	1997	472.1
USGS	11390000	00060	10385	1998	755.1
USGS	11390000	00060	10385	1999	435.7
USGS	11390000	00060	10385	2000	426.7
USGS	11390000	00060	10385	2001	272.9
USGS	11390000	00060	10385	2002	340.1
USGS	11390000	00060	10385	2003	506.4
USGS	11390000	00060	10385	2004	391.1
USGS	11390000	00060	10385	2005	498.7
USGS	11390000	00060	10385	2006	725.1
USGS	11390000	00060	10385	2007	209.3
USGS	11390000	00060	10385	2008	199.6
USGS	11390000	00060	10385	2009	284.9
USGS	11390000	00060	10385	2010	421.1
USGS	11390000	00060	10385	2011	505.6
USGS	11390000	00060	10385	2012	355.3
USGS	11390000	00060	10385	2013	197.5
USGS	11390000	00060	10385	2014	203.5
USGS	11390000	00060	10385	2015	139.7
USGS	11390000	00060	10385	2016	455.2
USGS	11390000	00060	10385	2017	712.7
USGS	11390000	00060	10385	2018	290.9
USGS	11390000	00060	10385	2019	576.5
USGS	11390000	00060	10385	2020	160

